
power = 2712.28100874689
throughput = 14915.82
composite = 6360.49489551615
